8356
17219
137119
179316
184989
228769
269124
280927
347038
349132
353158
366427
436072
453508
461967
480637
511280
542980
553561
558998
569107
594317
608873
664747
670935
845985
892050
892108
969937
978979
1014313
1032599
1046699
1053670
1075871
1088551
1136860
1137198
1153008
1157555
1197090
1261545
1265532
1288286
1305039
1405037
1406364
1428012
1437798
1471434
1514626
1531107
1600408
1639321
1648371
1667567
1672965
1678277
1682360
1714301
1723181
1754528
1813293
1860590
1862498
1866663
1886024
1950424
1951526
1961951
1969059
1994140
2011281
2051245
2246798
2297270
2330194
2379429
2383256
2386643
2390938
2405334
2443177
2499307
2517490
2581810
2606883
2612219
2622526
2651267
2656692
2687381
2692114
2747267
2753230
2768306
2776180
2792236
2801790
2814478
2823032
2828524
2832793
2844346
2870147
2912270
2935627
2935795
2938563
2939577
2959163
2983089
3004836
3040369
3079666
3117929
3120439
3136728
3146498
3146673
3197578
3208574
3241634
3280168
3299538
3303021
3307481
3355625
3400163
3401937
3408594
3429952
3447105
3459545
3482841
3511254
3511424
3534444
3558427
3561136
3562676
3565549
3596488
3606878
3611004
3629047
3678178
3692459
3711665
3824252
3835059
3849802
3854981
3857439
3865477
3870290
3938408
3956222
3960780
3988299
3988470
4028309
4050616
4062137
4062308
4176688
4243213
4288438
4333094
4360731
4431831
4453438
4457021
4459146
4485905
4501053
4564802
4571435
4596165
4596726
4601392
4619602
4670613
4721372
4741136
4759202
4767984
4776611
4816487
4827924
4877381
4879020
4881960
4886596
4887738
4903344
4926146
4934107
4952812
4957202
4986878
5029179
5050551
5057655
5067018
5072442
5082499
5090409
5092151
5135544
5220968
5308065
5376956
5412758
5430270
5433142
5473308
5474869
5517725
5651243
5665022
5666320
5667491
5669531
5697905
5707712
5713722
5715975
5723859
5737020
5826387
5829892
5837018
5858295
5863262
5863924
5864586
5874698
5875477
5901297
5941524
5968544
5986843
6012266
6101695
6128145
6129023
6179872
6218924
6219609
6231797
6314145
6345734
6354882
6368100
6374590
6396729
6418064
6449163
6467339
6475601
6491024
6496861
6496905
6509310
6523822
6571734
6597187
6600414
6622455
6686939
6703585
6705979
6759236
6797745
6879464
6885055
6898155
6975353
7016616
7017288
7094260
7103493
7138008
7143023
7191051
7238908
7239170
7246085
7253796
7271548
7290861
7386545
7401630
7403909
7414597
7418789
7509807
7512492
7521536
7521849
7597120
7739077
7753172
7775489
7814925
7818129
7963042
7970048
7981441
7987093
8052457
8065888
8074812
8080572
8104938
8120893
8163073
8188724
8264054
8295476
8315174
8358079
8438129
8440258
8441572
8484136
8486432
8515702
8521875
8528922
8626006
8670928
8676002
8678242
8727103
8731346
8744315
8750614
8776668
8787168
8899771
8922466
8980145
8981155
9072437
9077332
9085846
9104952
9121211
9124795
9127685
9145703
9152443
9177816
9218469
9239970
9255958
9257748
9274673
9280617
9282511
9337083
9349811
9367131
9399498
9443169
9444069
9444697
9472121
9505638
9550434
9564566
9586139
9587115
9608548
9627169
9677618
9784671
9794082
9794993
9808187
9820899
9860710
9872847
9876775
9880634
9906380
9914544
9954561
9980016
10089860
10096244
10100729
10149672
10166118
10180476
10234639
10258210
10264189
10281990
10304568
10312391
10358135
10411681
10463794
10492024
10498246
10534779
10553361
10587458
10612778
10725572
10735785
10772402
10785073
10796045
10797725
10830331
10849596
10853622
10860393
10896957
10987330
11039581
11048681
11066612
11074285
11117500
11132340
11149392
11155455
11160972
11191785
11211884
11253039
11307231
11313250
11358085
11364392
11378440
11434490
11438385
11472699
11479540
11481407
11530489
11535538
11597123
11606882
11635394
11637564
11646036
11781524
11795607
11813350
11887848
11961464
11994000
12023578
12023786
12066576
12069213
12071475
12121012
12147655
12180029
12183089
12232811
12233463
12239356
12253432
12289464
12314305
12327053
12348157
12354066
12358345
12361180
12375119
12389578
12390645
12411423
12452017
12454169
12502235
12525158
12643661
12670185
12682111
12683558
12708497
12745556
12755124
12757018
12758257
12778660
12791095
12845744
12904542
12921413
12944904
12948915
12970983
13006506
13006659
13007973
13028132
13107846
13121978
13149516
13155741
13220584
13249258
13272701
13283158
13292753
13312181
13350302
13415432
13419445
13521595
13534984
13543863
13583521
13600678
13640372
13651407
13669334
13690172
13692429
13706919
13719364
13731067
13749208
13760154
13785149
13808542
13847499
13880737
13900385
13902483
13926644
14027058
14054017
14083101
14097358
14157173
14174875
14194110
14231804
14246622
14295268
14338833
14341469
14388218
14392693
14412137
14426069
14486182
14502556
14516057
14518652
14532196
14544354
14554046
14578838
14591854
14600652
14601899
14606177
14676650
14785748
14823230
14849339
14853940
14915871
14920969
14922857
14923656
14946560
14979438
15002480
15016098
15023397
15047545
15085689
15113661
15147682
15186107
15229728
15258249
15259063
15338532
15348424
15352085
15363352
15379709
15401930
15413849
15427551
15438352
15481970
15490649
15504564
15513045
15557914
15644716
15699427
15745700
15749600
15764386
15783297
15806309
15814882
15825714
15849590
15856368
15867326
15869991
15887054
15894399
15894552
15924147
15928205
15973167
16037144
16051835
16116562
16119408
16146166
16194566
16204660
16205538
16221663
16253385
16370214
16373350
16377438
16388102
16396260
16405061
16487229
16541274
16551264
16560238
16567435
16575322
16650587
16663076
16666213
16718157
16754139
16765331
16833875
16847583
16901582
16926956
16967624
16974086
16978773
17114028
17115548
17123633
17147830
17161491
17162043
17167130
17184128
17252254
17290391
17301176
17334909
17344521
17349053
17358067
17425151
17425863
17470664
17542732
17551845
17557265
17568040
17579292
17584625
17678270
17689398
17694543
17706891
17718452
17720874
17724345
17740693
17746414
17760000
17764461
17776572
17781760
17832556
17835413
17857009
17867011
17892632
17916557
17922413
17967217
17997329
18020904
18030077
18083163
18130492
18164948
18260568
18262711
18276739
18311185
18344156
18367484
18413350
18413648
18418403
18431302
18483195
18484652
18506770
18540471
18582132
18584001
18599691
18612260
18614284
18671926
18676431
18717250
18736277
18779297
18805992
18975584
18976325
18991019
18992602
18999834
19068556
19075928
19089751
19090786
19116450
19130190
19192090
19235800
19245370
19283212
19322892
19390350
19396840
19410823
19442518
19469123
19514922
19581451
19583500
19625137
19687642
19758086
19774322
19803325
19807882
19823722
19831381
19845660
19862596
19870497
19883630
19894376
19902493
19915298
19930201
19945751
19951518
19977465
19988673
20080836
20105639
20117859
20144468
20205028
20205833
20208187
20241415
20264869
20268865
20294777
20316792
20349902
20387171
20424484
20439223
20527810
20591794
20623951
20645206
20653794
20668031
20669335
20673794
20688722
20723500
20775273
20825139
20930319
20935417
21068464
21078982
21134683
21141327
21246260
21380183
21393714
21446158
21452048
21459269
21475163
21475842
21482723
21484510
21570979
21672326
21680435
21683491
21744955
21834547
21845199
21886054
21892226
21909395
21951238
21962779
21971491
21971734
22026638
22031649
22093151
22099874
22140072
22144339
22169118
22176944
22215328
22241573
22286227
22290391
22290564
22307061
22396687
22423929
22451292
22498935
22560044
22601081
22619351
22652884
22653521
22677579
22685302
22712311
22751554
22758793
22833600
22839366
22856573
22859161
22908091
22918436
22955907
22963115
22964429
22988056
23012709
23051216
23102573
23103586
23119504
23122638
23123157
23139889
23158994
23180991
23190880
23209126
23237654
23237793
23282956
23295875
23336609
23383338
23414993
23439340
23441684
23442988
23448712
23462496
23527664
23574114
23592375
23607061
23640291
23681998
23739610
23747109
23811707
23834713
23881208
23894429
23915986
23964913
23977258
24000170
24034349
24062762
24098659
24132854
24138673
24142426
24161564
24181787
24197715
24231532
24284996
24295545
24332180
24352700
24416235
24485356
24487379
24521120
24539266
24556039
24571128
24607052
24634368
24641753
24642567
24645752
24660577
24705201
24713214
24745052
24748434
24768287
24792509
24823523
24832224
24846540
24872987
24874554
24879659
24884247
24954490
25005320
25100630
25112399
25116461
25119286
25135754
25150329
25185516
25206230
25255219
25257038
25297020
25350018
25410389
25410785
25438961
25455087
25462357
25487214
25515831
25523165
25566128
25659414
25687208
25719278
25720823
25730140
25759876
25765463
25813762
25841219
25846312
25849179
25862683
25872803
25929467
25973204
26018728
26033309
26055770
26069247
26104060
26107021
26146752
26168743
26185296
26235456
26244890
26255893
26286275
26384885
26389096
26390510
26416117
26516479
26554541
26578473
26588836
26604544
26613494
26688082
26708515
26727917
26753814
26823829
26824899
26867805
26883459
26898812
26960808
26992599
27025515
27026985
27045164
27099316
27099344
27106661
27121398
27143637
27175997
27198780
27206282
27208225
27244125
27270724
27314348
27341402
27358014
27363182
27495223
27502143
27527538
27529884
27586593
27588011
27593877
27710027
27761032
27795902
27806518
27831948
27835360
27849019
27919204
27955880
27970442
27991190
28061233
28076032
28087056
28151106
28173658
28201448
28316126
28321836
28335299
28388611
28404426
28409006
28422274
28475703
28488230
28547539
28566045
28577215
28657256
28713142
28713564
28721684
28740382
28741331
28766308
28807411
28855953
28890836
28935495
28950491
28974303
28977488
29033120
29062733
29122348
29153897
29172854
29235056
29304526
29304583
29319679
29350948
29375418
29386087
29396568
29418055
29509470
29515125
29522070
29618616
29666806
29724831
29783472
29844012
29847860
29864812
29893892
29960004
30016665
30019556
30026545
30097171
30113061
30167348
30234014
30259920
30262799
30270875
30282733
30339420
30360201
30373919
30384924
30415315
30432808
30434939
30462885
30466956
30479124
30494712
30513615
30536094
30549999
30579202
30591156
30727382
30774518
30777395
30778756
30783532
30784534
30816370
30888843
30900163
30948165
31033474
31034686
31057397
31089874
31159749
31179294
31200667
31222097
31240233
31280547
31393910
31403427
31482005
31484939
31499300
31504247
31535180
31543102
31552732
31577632
31578428
31631199
31635078
31640009
31648680
31676979
31696470
31727241
31747649
31776346
31792746
31817139
31819411
31852042
31878798
31883324
31918317
31938053
31943690
31964582
31966228
31975635
31983831
32020645
32032255
32053269
32094455
32209349
32225745
32252711
32365634
32393711
32452286
32464725
32470383
32483062
32536280
32570076
32591121
32611119
32685767
32715547
32744819
32747981
32839163
32843536
32911435
32916351
33025500
33027651
33044762
33064167
33103761
33147124
33189476
33246344
33267251
33279870
33315519
33391296
33419315
33471528
33478618
33511783
33560560
33597845
33600926
33639657
33648641
33685912
33765897
33780371
33790553
33797607
33802484
33880540
33884564
33909442
33928505
33954528
33969698
33974526
34002511
34016397
34018167
34032210
34049874
34069214
34075897
34076766
34131436
34162113
34183903
34197518
34215034
34221232
34222228
34222924
34238903
34239825
34292075
34297492
34303297
34381046
34408504
34408844
34428206
34450373
34474708
34498697
34522179
34589974
34590690
34631749
34648432
34661791
34696904
34723612
34827165
34836935
35029494
35046323
35061697
35122894
35177400
35193396
35214070
35230163
35264380
35305219
35320387
35346306
35349397
35351168
35380374
35386850
35390208
35440586
35466102
35620504
35649947
35650526
35663792
35664266
35669005
35720308
35747364
35762280
35762326
35767769
35785647
35811591
35830815
35903151
35913864
35932264
35997209
36091163
36123301
36133974
36143157
36316376
36433057
36468773
36478162
36502522
36510969
36548841
36571291
36572429
36635056
36643658
36649705
36667973
36671388
36712015
36715124
36750192
36838116
36838308
36887157
36925612
36966893
36995973
37040916
37043281
37073074
37079442
37130337
37155700
37199432
37231897
37266360
37289005
37294010
37305752
37318004
37351284
37357348
37364961
37374576
37401681
37409973
37428847
37458749
37478775
37496654
37527290
37545504
37560321
37560504
37573688
37634485
37639055
37649828
37655041
37702501
37722819
37737269
37829528
37854304
37883049
37885136
37901352
37954411
37960086
37975396
38011702
38054026
38069463
38121110
38197091
38243785
38246360
38259664
38277235
38349719
38375747
38383892
38391218
38472334
38501140
38608260
38619159
38659381
38666279
38737275
38745020
38758145
38761766
38824517
38827988
38843370
38843832
38855671
38900686
38934154
38946314
38951789
38975697
38977787
39068433
39071564
39079628
39095672
39146903
39174003
39179148
39281042
39320301
39366483
39446580
39491913
39501560
39548295
39574872
39612483
39656691
39669945
39734138
39740484
39752270
39762656
39763165
39797280
39797282
39810149
39818141
39843824
39905312
39907501
39911322
39934856
39963595
40001644
40130559
40148865
40298459
40310780
40319686
40372860
40409505
40417752
40417991
40451269
40467211
40472826
40500704
40514196
40593213
40656041
40661727
40662879
40664210
40711909
40740731
40798110
40845140
40873394
40924015
40958718
40965753
41013114
41060931
41073665
41073882
41088047
41114594
41151790
41152298
41222465
41263913
41270625
41322135
41327359
41341551
41344499
41376120
41471219
41473412
41541085
41571974
41636416
41690777
41728707
41731595
41744968
41829375
41831626
41859053
41864650
41893165
41914621
42031831
42094083
42160044
42171595
42177437
42232752
42284580
42336689
42371420
42396372
42408562
42494332
42526346
42543884
42588615
42637195
42638527
42668879
42688859
42718035
42738121
42742067
42815795
42823294
42882418
42888672
42893191
42900448
42969084
43011232
43022000
43033789
43049224
43051270
43176037
43201334
43215872
43222083
43224706
43265823
43276399
43284188
43284207
43316198
43357824
43384781
43399499
43405762
43448706
43563656
43595696
43602119
43609139
43646465
43680108
43717896
43741322
43743801
43759305
43771283
43780574
43797414
43815411
43861704
43878728
43888368
43914482
43917981
44068804
44073257
44096345
44122960
44133079
44141524
44163247
44192562
44193821
44203880
44218794
44230984
44256682
44258318
44298207
44325927
44343253
44380851
44415631
44423280
44620423
44623182
44632092
44739298
44755166
44755294
44756227
44783630
44837554
44868272
44957419
45000147
45077634
45103349
45198597
45203460
45211741
45213981
45238549
45239370
45246264
45246868
45253088
45282367
45316067
45365483
45389838
45441438
45460826
45488562
45522312
45579923
45603238
45632814
45635465
45637572
45653087
45661165
45663570
45679642
45710024
45718020
45767359
45815133
45842336
45847050
45945514
45948614
45999841
46028682
46031319
46064621
46067674
46073557
46101506
46109388
46130471
46139501
46195598
46202601
46217986
46219116
46233857
46256462
46259889
46278255
46341763
46428210
46436537
46464788
46492429
46506185
46509501
46537746
46629382
46676071
46677041
46717585
46731517
46765162
46798853
46801365
46834924
46848561
46850682
46882059
46895881
46963332
47064528
47078347
47127650
47148652
47208537
47231065
47244510
47291354
47328576
47414035
47422546
47427295
47429093
47461644
47468031
47508692
47515971
47544180
47579062
47602116
47612602
47636533
47660903
47668566
47669300
47680735
47685645
47739245
47753179
47773208
47774889
47775296
47796500
47798513
47818747
47819802
47842980
47905636
48032824
48103579
48104106
48123982
48152333
48192725
48209230
48270193
48274440
48317325
48384190
48399551
48416883
48439849
48449935
48486011
48489121
48575141
48580233
48581737
48594566
48598554
48616534
48633131
48634882
48652083
48767020
48789167
48846618
48897720
48971680
48973379
49028606
49032389
49042028
49100766
49112964
49128259
49163602
49219557
49264498
49287248
49313308
49325044
49351323
49541257
49568939
49570243
49607090
49655776
49709762
49732608
49738799
49744552
49757391
49760237
49773020
49828135
49873540
49893509
49909928
49979259
50015914
50038288
50041184
50103769
50110223
50110731
50120285
50130240
50143175
50149365
50150544
50155245
50172606
50175780
50180582
50223368
50252984
50270315
50313292
50338312
50343859
50364830
50421071
50443513
50455806
50472846
50513979
50531961
50582755
50592967
50633165
50647766
50663594
50790968
50793750
50813340
50815839
50824531
50836218
50837406
50891996
50904967
50917461
50985025
50987053
51017550
51049914
51103561
51110815
51131369
51142119
51162621
51170198
51314875
51321885
51426242
51428684
51436575
51439715
51449841
51467938
51570067
51572854
51604672
51606724
51632590
51648327
51653277
51660701
51688093
51721733
51749586
51757393
51759020
51773606
51813182
51818003
51852478
51854358
51876038
51876404
51913784
51926683
52050481
52057452
52072918
52085084
52120048
52129480
52155226
52221580
52287859
52299644
52351950
52381596
52384556
52410114
52414911
52482302
52491291
52521849
52549770
52564803
52577242
52584350
52622405
52642475
52691815
52755967
52787105
52804942
52810979
52818189
52856725
52863597
52907836
52912374
52960452
52965481
52971536
53000175
53001805
53042596
53054211
53065704
53075258
53095651
53110838
53132423
53134759
53134986
53162124
53177567
53199018
53226875
53247565
53248504
53254435
53257508
53377492
53439778
53446762
53492672
53498791
53526174
53666680
53707116
53714769
53726389
53753261
53754850
53770060
53793066
53808000
53820905
53821609
53824472
53832861
53842412
53901265
53922994
53950962
53963705
53977701
53985595
54010764
54051286
54061233
54131758
54139585
54145807
54163018
54177613
54221758
54247211
54256280
54329352
54335933
54345308
54420809
54430476
54462984
54504467
54535516
54561766
54565974
54569130
54622459
54631105
54643336
54648405
54659723
54667141
54775584
54829262
54833906
54874709
54983166
54998722
55000101
55001681
55012430
55016393
55052289
55071329
55092731
55157373
55211598
55213156
55229434
55250074
55284246
55317402
55318868
55326400
55374138
55446179
55503922
55519889
55614714
55618407
55627195
55628623
55630373
55675433
55742302
55826780
55826852
55879863
55897074
55900720
55929350
55930821
55979994
56017762
56039303
56122398
56182832
56221861
56226222
56226416
56244533
56252725
56309776
56342381
56343379
56362355
56370401
56372137
56392485
56428381
56460035
56471864
56473884
56501415
56513476
56521246
56548821
56577389
56657684
56683071
56685636
56695289
56717842
56746293
56761866
56778033
56792899
56828530
56863989
56884478
56908986
56933712
56982175
57032886
57067188
57089525
57163076
57182033
57200961
57226953
57249451
57299664
57330061
57347170
57376381
57385929
57409173
57427834
57484129
57524237
57544441
57562530
57639872
57696297
57716225
57733189
57760615
57771733
57797153
57818913
57899431
57911039
57931063
57964372
58085608
58113308
58144314
58152198
58152236
58166902
58274945
58279367
58317312
58329925
58361563
58436444
58441776
58457817
58460028
58485530
58501265
58566261
58585574
58607550
58610574
58634187
58697301
58703724
58721470
58722030
58748365
58789292
58790790
58833458
58895074
58922771
58970325
59005974
59020847
59099459
59122907
59143577
59150876
59151325
59153486
59157092
59158568
59164724
59180134
59237424
59251427
59371029
59393146
59402231
59412199
59428272
59464063
59487209
59538070
59540534
59545325
59571192
59610849
59644559
59680074
59709826
59746593
59752094
59797566
59798569
59814104
59821824
59823209
59836042
59847533
59927576
59928201
59936604
59986752
59992254
59998482
60009143
60025479
60039463
60113797
60115679
60116750
60127644
60127960
60130063
60131256
60133187
60134343
60138067
60151557
60157492
60190535
60197793
60202078
60224571
60365278
60375799
60388542
60465695
60471625
60497546
60549208
60558390
60636180
60651993
60653263
60686506
60693636
60723904
60741219
60747556
60753141
60794560
60821660
60885730
60928510
61012960
61014969
61027377
61029013
61044774
61059298
61073685
61076422
61082068
61121373
61133027
61137076
61194299
61225651
61283672
61307861
61340104
61390411
61405024
61407497
61432773
61530970
61540594
61549533
61582255
61604757
61610756
61672962
61684800
61709433
61717066
61724705
61792244
61833994
61848237
61851077
61854433
61854435
61854823
61870916
61978884
62043891
62055821
62165409
62183110
62196098
62196209
62197202
62207796
62225318
62232742
62276837
62312413
62313032
62313811
62343056
62376483
62398938
62421505
62428906
62450058
62484491
62497516
62520656
62521766
62528295
62564175
62600545
62604610
62633557
62706277
62717843
62730799
62732945
62755476
62831520
62875047
62887836
62907459
62913710
62933496
62933561
62935309
62941860
62955578
62961695
62979742
63013705
63016968
63030951
63079524
63130935
63131284
63131357
63158028
63182225
63193365
63203045
63222099
63255671
63259682
63287042
63288517
63329215
63329780
63330677
63340686
63363917
63381117
63411182
63437828
63452990
63462077
63462695
63559851
63592891
63619689
63626689
63634903
63642715
63669020
63714770
63752877
63794339
63801064
63804396
63812866
63819061
63828834
63932341
63941184
63943773
64011963
64094504
64192200
64194511
64194690
64434612
64487151
64492189
64492249
64513350
64519934
64527582
64538101
64553726
64624876
64669373
64677697
64772866
64775247
64795213
64830077
64836139
64849309
64897790
64931167
64949011
64982521
65005424
65026476
65040870
65059104
65062423
65065213
65073246
65174318
65194055
65235064
65237578
65273088
65276539
65475735
65492845
65503994
65506726
65604227
65632301
65635324
65636775
65646345
65668894
65704079
65729389
65747563
65843279
65844072
65861060
65866354
65866719
65882496
65907009
65915272
65936668
65963072
65979849
65981579
66012596
66051567
66068446
66088681
66102530
66106366
66167478
66208296
66286522
66303309
66308978
66332394
66353946
66361904
66371271
66372778
66400424
66408468
66444134
66452475
66500949
66533447
66562992
66681531
66701234
66716717
66737320
66751292
66761326
66775050
66812470
66823692
66835464
66870789
66967375
67051672
67170134
67191073
67203275
67280289
67320112
67375394
67429127
67429670
67462107
67540258
67555426
67567875
67588404
67589254
67626535
67626928
67659020
67662611
67665515
67668604
67672966
67741832
67771751
67779159
67781393
67804333
67835068
67845434
67936694
67944550
67953500
68037767
68065639
68070248
68080479
68091902
68119874
68127792
68153487
68241234
68267201
68268700
68290453
68291790
68399126
68415381
68420548
68491176
68496987
68504527
68532990
68536323
68567557
68568559
68574483
68586559
68635572
68636370
68641858
68681935
68687807
68728491
68745503
68808592
68825772
68838694
68848101
68867678
68878606
68891130
68896069
68903428
68904260
68943357
68963739
69005291
69014675
69032931
69048136
69083496
69085707
69120218
69145567
69161756
69182939
69249033
69250675
69286822
69309103
69334764
69358943
69366118
69388562
69390417
69439329
69444141
69454845
69460301
69461130
69469632
69503141
69524530
69642031
69708908
69727446
69763601
69775662
69776082
69826205
69879459
69904515
69912596
69925043
69926667
69930492
69939331
69942512
69967214
69987386
70000759
70066602
70142503
70194405
70217521
70273217
70284098
70284478
70306912
70307467
70332557
70359638
70377139
70392445
70419244
70430239
70453979
70483860
70496438
70500886
70559090
70607045
70608583
70612197
70672525
70676277
70681891
70739520
70739833
70743832
70757021
70799406
70808984
70827134
70876214
70898170
70960474
70973299
70976000
70985705
70988178
71010967
71015370
71042107
71085401
71136537
71184235
71202967
71310047
71336093
71341356
71349800
71372384
71381616
71383652
71427814
71529323
71574523
71585225
71612733
71629230
71656017
71674383
71709328
71711092
71741390
71751682
71756933
71783853
71796819
71854317
71916872
71938877
71954078
71969685
71973728
71980264
72042881
72080866
72088000
72137202
72159005
72162720
72184615
72196980
72203245
72238210
72239286
72255242
72277942
72318783
72319810
72418334
72431268
72455019
72585835
72628964
72629597
72664299
72676075
72738979
72757652
72773871
72800819
72875477
72882803
72890391
72892261
72912216
72928620
72929911
72953462
73019235
73044329
73100785
73115031
73141446
73141508
73179984
73181111
73204118
73229844
73242692
73243085
73246324
73314542
73331010
73357139
73397817
73405581
73407630
73421288
73426659
73439363
73442384
73460344
73461095
73576774
73630478
73668147
73674359
73695493
73722162
73759115
73764233
73779178
73784362
73807487
73866927
73925467
73927010
73988975
73989891
73995312
74002099
74028190
74030063
74085269
74123774
74134078
74146370
74172342
74178790
74184539
74191466
74198564
74205401
74227413
74257340
74268181
74269474
74277478
74288176
74305718
74419424
74453322
74457096
74481649
74490034
74522373
74526737
74540964
74564527
74573373
74589391
74623688
74643041
74661404
74704892
74711589
74714528
74791697
74798731
74824415
74834179
74912503
74952715
74952781
74973275
74979533
74987646
75026585
75088457
75159849
75191857
75199167
75218482
75223904
75277705
75326224
75329427
75391145
75408650
75413766
75478376
75479280
75485432
75494577
75499108
75526934
75529509
75609935
75659504
75673691
75678534
75684278
75700249
75731024
75787047
75889115
75897481
75936284
75941758
76018490
76072182
76138095
76150297
76179385
76183836
76186651
76227858
76287421
76294983
76315723
76369053
76395873
76418729
76435469
76472289
76547698
76574629
76574779
76603825
76737560
76747191
76757324
76791360
76817608
76888357
76895223
76911693
76952751
76976185
77000891
77024264
77035036
77050351
77082302
77141534
77233336
77251877
77252516
77335345
77364890
77402076
77445231
77455503
77456968
77509922
77525919
77599489
77602174
77613585
77615678
77635309
77644051
77667008
77684403
77705112
77712155
77734676
77760485
77783072
77789823
77797396
77798924
77807204
77818358
77824680
77828825
77829388
77887516
77901499
77954272
77958946
77970569
77981245
78082299
78135486
78164203
78184473
78265124
78267080
78274128
78276344
78276879
78281126
78284725
78304124
78342559
78423183
78475203
78506116
78550986
78576626
78590358
78606401
78609872
78644123
78647243
78663616
78666633
78708434
78727627
78769230
78818967
78830565
78865322
78873482
78886270
78920128
78936464
79048515
79091840
79197315
79209923
79242534
79291743
79295126
79309805
79320562
79358865
79374201
79433545
79462501
79462885
79488099
79501888
79546849
79591396
79605139
79775397
79832211
79936976
79937900
79963449
80011773
80013000
80021938
80043326
80048085
80053990
80079936
80113158
80133534
80134331
80175579
80203752
80234899
80237550
80246542
80281032
80308221
80314133
80333366
80357626
80370054
80375816
80378439
80392825
80409621
80414921
80422163
80449594
80455700
80533583
80547205
80552807
80571068
80611535
80616864
80679935
80689799
80699478
80759588
80767940
80774687
80778042
80834397
80923183
81054531
81067072
81069748
81098818
81167417
81170448
81197162
81201975
81239225
81282307
81408265
81419872
81432737
81500036
81521794
81525677
81526136
81529900
81548059
81562930
81606298
81616064
81627294
81637449
81643957
81693915
81701032
81711659
81760992
81767934
81844921
81853724
81893170
81922481
81974156
81977843
81977912
81986367
81987909
82002470
82116313
82167333
82167467
82184964
82187074
82188669
82215557
82248645
82278676
82314092
82403632
82404828
82416775
82422522
82429333
82447795
82447914
82458720
82461130
82470476
82519841
82521110
82536927
82610419
82677202
82698266
82710596
82712826
82760389
82769897
82797360
82808872
82889823
82905764
82911267
82962975
82977953
83019732
83028101
83070484
83082446
83115685
83187692
83202733
83213606
83297230
83303234
83304887
83341712
83415829
83420657
83422790
83450460
83485300
83574771
83578633
83607782
83623424
83697275
83708718
83797886
83802481
83829937
83844848
83879830
83904436
83917487
83945583
83965346
83985292
84044905
84060242
84061146
84135690
84155691
84155795
84156220
84171452
84220501
84222908
84224889
84246319
84277693
84298850
84508549
84529022
84544881
84576535
84602087
84688166
84709204
84714744
84719934
84730000
84733068
84741761
84756844
84819758
84820819
84833221
84837626
84838346
84897465
84906065
84914889
84945981
84956834
85067148
85086726
85101399
85144842
85174686
85264256
85318816
85357216
85403183
85438800
85441124
85445118
85466987
85475895
85480089
85484115
85550124
85579620
85601298
85713026
85790279
85798474
85831124
85863200
85881035
85907913
85924112
85972791
85989446
85993376
86008517
86033364
86111852
86134638
86149364
86158171
86162000
86180588
86241491
86283822
86362890
86435402
86443111
86472264
86476078
86476573
86487934
86513713
86598396
86598609
86621562
86623375
86623955
86724395
86741964
86748482
86766808
86773701
86940750
86942600
87019329
87035869
87149067
87154329
87181948
87183043
87239728
87270394
87284836
87291880
87336840
87361746
87393317
87435147
87453278
87507119
87522762
87537330
87554008
87594184
87629923
87639639
87643105
87763168
87764015
87835711
87840350
87897390
87921095
87943838
87957879
87969908
87975376
88025513
88039788
88128102
88138840
88175318
88180290
88257172
88264093
88272294
88362415
88369055
88401910
88411372
88414520
88443710
88466629
88488333
88489999
88540787
88547127
88572213
88597759
88636582
88654707
88706813
88770561
88783436
88805370
88818705
88821230
88823363
88828131
88883617
88922858
88941570
88943990
88970441
88978673
88981179
89004124
89005403
89024094
89078744
89088617
89099845
89145496
89158350
89181737
89192327
89203075
89213946
89218656
89243588
89256900
89268566
89288814
89292835
89298409
89324052
89334423
89384042
89395100
89401906
89409280
89424567
89503386
89526576
89564374
89576673
89582704
89632696
89661506
89663721
89677489
89712417
89769429
89777946
89812816
89853999
89855186
89884831
89885429
89911243
89921501
89924703
89951317
89993851
90019730
90021440
90051807
90053698
90086246
90116159
90143257
90149623
90157806
90194997
90200772
90218739
90249943
90257075
90325649
90328880
90351257
90423705
90442546
90451458
90496614
90511085
90602838
90606026
90625878
90631529
90643532
90693412
90752644
90760079
90761284
90772726
90787958
90814547
90854016
90912109
90912760
90920360
90941347
90967660
91017640
91092979
91109453
91118420
91131726
91135956
91201499
91287542
91307262
91345396
91386413
91439553
91452763
91473754
91553896
91554691
91586655
91607673
91647769
91681182
91716113
91731619
91783304
91812983
91828213
91892013
91940948
91964699
92008578
92026440
92061214
92074658
92080235
92080981
92102585
92178507
92193306
92209979
92221876
92262439
92274496
92308400
92361897
92380177
92401831
92407513
92416192
92490764
92500067
92524054
92530355
92571887
92595001
92628704
92687059
92718741
92720434
92737689
92851019
92930350
92930880
92944276
92973188
93021624
93028412
93042616
93050716
93055560
93200652
93202523
93208286
93230044
93238438
93264794
93272961
93283900
93354692
93361774
93395228
93398612
93470656
93500030
93507661
93508321
93538504
93544038
93627590
93631381
93647098
93712548
93717466
93732755
93788658
93797212
93816467
93844008
93879184
93915185
93968357
93974025
94028353
94029487
94034020
94052306
94090271
94094262
94095366
94120594
94168756
94172821
94229063
94270494
94276667
94304038
94326040
94327482
94335795
94383011
94441359
94470263
94489406
94490088
94493391
94501588
94522897
94575124
94582669
94587676
94603171
94603699
94635434
94668747
94700704
94701140
94701180
94704051
94720038
94741293
94804443
94812896
94870679
94982056
95027465
95056367
95056947
95119422
95123693
95141511
95161900
95164064
95182164
95194596
95207656
95266369
95301089
95419898
95422177
95432698
95563392
95590887
95598337
95604670
95613118
95637923
95661107
95678086
95705380
95744087
95748402
95815536
95862884
95877944
95920175
95944367
95983743
96002695
96006991
96037981
96121049
96123572
96148822
96158776
96167819
96207690
96232712
96242532
96264640
96278096
96280703
96307522
96313585
96335274
96343273
96388143
96414438
96420271
96428291
96442968
96470397
96504523
96508261
96564414
96595765
96626226
96649964
96695236
96838944
96847537
96848416
96852610
96860277
96877890
96900550
96929239
96984056
96989292
97045017
97065273
97100613
97121081
97152954
97226300
97258198
97268307
97300091
97387900
97393722
97403517
97412407
97460212
97520835
97527344
97551545
97569616
97572003
97626993
97656932
97661579
97739168
97762655
97804335
97850475
97904033
97932076
98040802
98065517
98087965
98136647
98147335
98173759
98199970
98238626
98254252
98304981
98383101
98421350
98439013
98458870
98505989
98513559
98543168
98558041
98564755
98575596
98586248
98602752
98602905
98682844
98688424
98691402
98706628
98719442
98834690
98835188
98835565
98847922
98852986
98872941
98915878
98987348
99011693
99053854
99071363
99111719
99167284
99177044
99190732
99222880
99237440
99260658
99279407
99308880
99316240
99332451
99410665
99416538
99441338
99459748
99477987
99489895
99490901
99500558
99513953
99579629
99601425
99696050
99730368
99741225
99746003
99784241
99870199
99889622
99918043
99952481
99978623
99985976
99996508
99998121
100031801
100038173
100061983
100092081
100216207
100218398
100279669
100286558
100321732
100372075
100389645
100408142
100454242
100481268
100494264
100540704
100575917
100601466
100609038
100621591
100634063
100643708
100654770
100659610
100705848
100711683
100733086
100765061
100786390
100861813
100907472
100909276
100967059
101025633
101044654
101051346
101065931
101066020
101148640
101178620
101205695
101210959
101221850
101224578
101247235
101288453
101322751
101341159
101361183
101372766
101385535
101394635
101406801
101443856
101448019
101449641
101450075
101502614
101519368
101569593
101618119
101649493
101674985
101707646
101715559
101716021
101736517
101740326
101744733
101791859
101800103
101817426
101842580
101843797
101884436
101928995
101944522
101968089
101972365
101999515
102071946
102086778
102135420
102143906
102163826
102170310
102213980
102219981
102235826
102246607
102266394
102273010
102278839
102281289
102286559
102316126
102333540
102339358
102353873
102381737
102405469
102410921
102425031
102442975
102463374
102470245
102473366
102502392
102504555
102516372
102528292
102546928
102573246
102606453
102617697
102684595
102712472
102725356
102784480
102796676
102825854
102856440
102867534
102872770
102891754
102892782
102922250
102949028
102971875
102974743
103067917
103077652
103094767
103146090
103196205
103207099
103207435
103224480
103230578
103313509
103354330
103385949
103390193
103396701
103407122
103496494
103550698
103566257
103595946
103626548
103628151
103635139
103670467
103679212
103685595
103692145
103751014
103776662
103789029
103811367
103814066
103869134
103895771
103950613
103964199
103973196
103995413
103999041
104043770
104112447
104117062
104130877
104166580
104190991
104214386
104240512
104248203
104249008
104256115
104256687
104259287
104274657
104304125
104390114
104395266
104430930
104441935
104500643
104506610
104528018
104539204
104574896
104588298
104594202
104633325
104635053
104658947
104662766
104718953
104760852
104773546
104822102
104854420
104868114
104915521
104924284
104994465
105046028
105049824
105054420
105055832
105099654
105125265
105146750
105176638
105188556
105201712
105212062
105285670
105293944
105304007
105304558
105307696
105309441
105321507
105336328
105390853
105422820
105455302
105455988
105482606
105498655
105498818
105518147
105522444
105539500
105548070
105548480
105579433
105651863
105656710
105665539
105668593
105687427
105733932
105764958
105769831
105876353
105930830
106000216
106042551
106048950
106071992
106089072
106147102
106162205
106171095
106182192
106210629
106214096
106214600
106232054
106262272
106266365
106282070
106294744
106341826
106346177
106392494
106418553
106444200
106454405
106458073
106459316
106513118
106623311
106631321
106651797
106654576
106659053
106661798
106682779
106686913
106730853
106764103
106768829
106769026
106778980
106802226
106820931
106842129
106871274
106906777
106926415
106940339
106945176
106970736
107025621
107028392
107039726
107041520
107061410
107080318
107082552
107109949
107161920
107207485
107295827
107333377
107336621
107349550
107385208
107403959
107407587
107408693
107424911
107471640
107569986
107628333
107679593
107699179
107726631
107734728
107741871
107757116
107798076
107805722
107807712
107810153
107832273
107909534
107928415
107973445
108003156
108033986
108083590
108157219
108204484
108230970
108313017
108324290
108331208
108338535
108339931
108461284
108481661
108498172
108537299
108540710
108542111
108558355
108597726
108621146
108657574
108657793
108669176
108672033
108684065
108688105
108712189
108719792
108722471
108726815
108785367
108795490
108865497
108899643
108915275
108988021
108989354
109026765
109035553
109070414
109104234
109163929
109194135
109210905
109229138
109242141
109246105
109251850
109313974
109315631
109324556
109337179
109402234
109425009
109474989
109531963
109549134
109569937
109579683
109586621
109614513
109636089
109668056
109676605
109706370
109714982
109773334
109819074
109829320
109831468
109867915
109937703
109972008
109972693
109978510
109980252
109982687
110043434
110052953
110063780
110069468
110069949
110093971
110143965
110157223
110185220
110222573
110232124
110261016
110269513
110273699
110329750
110342940
110352261
110363071
110369071
110371786
110385155
110436236
110556898
110590743
110622927
110649445
110650896
110699407
110705870
110717614
110721389
110722259
110743510
110749536
110787631
110787638
110849665
110865505
110879232
110879658
110894793
110910143
110926940
110945596
111064097
111072011
111097440
111173435
111206447
111229764
111233117
111251793
111271580
111275827
111308775
111328561
111344789
111352071
111359095
111362134
111373602
111396942
111419730
111423258
111470897
111532092
111570925
111607002
111642603
111643392
111644828
111650837
111727999
111744432
111760426
111781093
111785324
111791831
111800406
111808213
111812793
111836307
111842170
111983794
111988638
112009145
112020864
112029221
112091885
112125447
112152955
112231254
112253052
112282248
112380744
112402152
112467725
112468821
112476277
112482690
112530876
112556705
112593983
112600764
112602185
112621872
112690519
112695029
112697970
112701385
112722100
112741111
112757994
112798786
112808712
112868592
112901633
112961674
112969988
112976898
113035848
113044476
113074575
113098057
113106534
113145711
113155112
113157809
113176034
113184124
113186569
113226569
113242245
113254172
113256059
113266449
113269023
113272305
113303153
113307037
113311110
113361853
113366542
113377576
113407198
113408433
113417373
113422026
113437234
113440040
113478735
113483536
113486923
113492384
113510816
113510831
113512768
113576383
113597312
113645751
113712304
113722986
113737177
113845477
113845766
113939079
113950836
113975741
114026997
114101062
114113019
114154507
114230255
114252322
114262267
114270525
114272684
114303132
114319748
114332904
114336322
114360754
114370110
114386200
114400678
114409646
114417009
114449104
114470629
114474962
114506595
114528071
114534231
114566720
114571680
114581872
114601041
114603525
114618281
114628145
114630041
114652869
114653033
114691825
114719141
114733179
114816647
114818335
114840969
114864708
114897700
114912421
114917660
114929571
114933321
114938934
115001847
115018217
115021436
115041448
115056310
115150668
115165996
115276126
115291504
115317007
115328746
115368220
115464714
115482501
115490362
115495155
115520561
115531847
115630605
115635706
115639926
115641076
115656725
115701658
115701886
115746091
115765933
115814513
115854378
115941522
115962405
115962543
115965542
116023332
116087360
116093068
116093170
116114024
116128243
116141898
116155384
116171343
116234359
116253992
116269561
116291185
116293699
116369430
116381937
116428314
116448257
116464331
116578584
116587430
116615293
116661518
116661590
116670141
116752448
116753540
116774026
116794413
116813493
117012747
117019863
117021979
117029169
117046139
117052887
117054415
117065902
117073441
117092762
117097842
117115627
117170886
117183563
117218494
117227600
117233697
117251460
117256698
117282738
117285079
117308266
117320033
117327573
117347782
117412799
117539116
117582251
117586468
117608579
117638872
117641591
117710070
117755637
117756807
117811616
117832649
117850662
117886142
117901929
117913458
117956313
117963641
117968347
118009878
118025976
118036291
118056554
118100391
118144011
118152341
118170378
118231317
118238765
118279506
118287165
118305670
118306621
118340366
118394300
118403339
118469004
118507837
118528078
118561833
118603159
118623996
118732790
118747091
118750445
118764702
118804820
118825551
118838661
118901813
118910564
118952603
119001020
119026877
119031090
119031352
119038721
119114562
119147237
119151684
119232814
119256596
119321199
119382233
119425866
119472183
119531276
119556504
119597260
119601426
119628171
119661611
119662972
119687024
119737433
119752996
119754508
119876308
119888742
119904775
119909974
119962993
119963142
119979780
119995445
120000354
120007190
120084288
120140807
120144907
120170279
120190717
120230494
120265949
120268928
120274686
120291368
120306518
120307193
120308274
120355796
120396980
120404312
120406837
120410886
120417386
120438456
120438734
120440318
120444714
120455163
120459100
120484710
120508170
120523800
120550725
120574015
120604019
120606622
120626193
120659433
120671575
120700291
120716735
120731733
120761359
120769340
120789177
120868726
120922033
120940160
120948194
120957749
120985729
120986331
121063228
121098800
121129201
121156742
121163581
121166893
121204971
121225574
121225667
121227451
121229583
121283258
121293479
121302539
121375359
121380929
121434326
121437216
121441442
121514801
121529208
121562477
121563163
121578484
121616608
121730154
121844512
121863491
121867611
121893865
121913882
121950730
121955594
121962556
121985231
121991136
122000636
122006543
122007143
122026122
122040069
122041721
122105206
122162488
122170932
122171419
122198681
122235888
122247679
122252516
122281210
122305798
122306603
122315569
122360501
122400681
122421867
122438041
122460945
122472689
122475905
122484462
122491607
122584162
122601772
122635397
122646974
122704097
122735321
122745648
122750210
122775335
122776357
122803397
122872074
122890114
122918429
122938146
122991230
123005508
123021584
123046044
123080181
123132359
123198121
123239884
123255908
123270517
123344733
123353040
123393830
123399252
123402233
123433224
123468195
123476057
123569167
123590526
123604900
123615754
123631413
123658743
123674078
123692702
123696283
123777047
123813352
123886661
123891286
123898801
123927003
124003446
124006341
124047105
124051231
124111126
124135285
124135839
124148650
124179719
124216392
124222237
124235394
124249341
124252646
124285413
124291212
124387509
124397475
124402531
124402804
124428757
124436959
124489475
124526515
124530576
124538405
124559099
124582749
124588214
124590596
124602814
124614028
124614244
124616029
124651818
124688721
124708213
124726123
124736183
124814915
124817654
124821056
124851457
124864373
124877623
124878640
124894864
124896298
124948870
124962182
124991980
125014071
125035390
125043191
125047941
125116299
125134978
125142381
125198374
125206116
125214498
125249175
125254845
125270510
125382531
125383477
125400949
125412707
125471288
125473143
125480990
125560981
125564969
125609667
125622178
125639479
125645437
125661326
125665716
125781988
125834596
125889140
125926721
125964339
126057426
126115278
126164129
126183476
126185817
126248593
126284278
126314869
126317973
126331946
126343274
126375070
126396111
126424241
126463859
126507398
126551398
126628491
126637414
126659067
126686149
126689955
126717073
126761673
126794638
126831266
126861311
126870131
126907728
126914071
126925601
126927841
126950335
126981270
126982871
126988046
126995353
127014738
127025416
127072924
127074351
127085372
127113562
127143667
127243153
127290591
127306682
127325863
127348661
127360509
127367414
127378206
127392232
127447903
127452042
127462267
127495586
127566296
127589399
127621404
127636135
127641802
127714504
127739245
127770946
127800463
127834529
127852092
127861009
127883200
127905181
127965173
127970934
127986018
127986134
128002659
128094607
128231916
128247682
128258943
128261287
128315110
128392331
128472745
128491447
128499761
128507376
128555111
128567081
128596106
128625576
128663565
128704797
128722715
128754003
128756321
128756940
128762225
128821548
128823683
128865156
128895086
128915110
128922661
128931780
128942581
128948607
129012753
129030378
129035223
129068356
129093425
129108203
129135785
129162727
129162960
129169068
129268448
129310422
129327129
129414121
129416198
129427650
129466885
129481659
129494550
129504652
129547150
129571430
129582996
129596456
129640213
129687334
129716305
129726970
129742822
129795669
129811620
129818195
129859392
129878884
129887731
129942218
130011177
130027500
130029098
130055595
130063252
130078628
130081109
130090889
130134503
130142904
130153054
130158930
130172398
130199438
130234743
130250825
130295661
130311519
130352883
130371798
130380520
130400942
130421867
130475961
130490863
130493186
130503761
130526979
130541247
130577604
130705085
130733219
130735659
130760052
130806022
130889791
130942181
131046754
131053188
131082677
131136512
131183703
131276400
131300238
131316164
131344728
131352376
131358875
131369753
131382005
131399289
131399438
131470540
131471941
131483137
131542814
131634313
131657518
131678718
131679143
131685978
131713346
131713638
131777335
131816082
131821780
131849365
131876754
131893831
131902218
131939882
131947023
131986105
131996781
132014354
132044936
132062238
132134424
132147933
132161861
132177234
132203207
132203310
132219527
132221724
132222216
132232349
132235268
132306072
132316066
132369056
132369431
132373143
132374118
132434374
132451504
132453452
132499296
132512304
132520187
132536343
132540487
132541457
132570705
132594270
132603089
132608678
132670774
132695547
132711894
132774994
132803866
132896978
132968124
133005242
133092972
133116487
133153062
133220160
133243071
133357093
133415379
133423522
133495671
133532820
133547030
133566666
133588013
133607038
133628314
133642930
133651164
133654617
133673502
133737425
133739140
133746547
133824216
133836130
133855348
133866831
133880504
133899046
133958868
133960423
133968556
133991354
133994455
134011011
134074257
134134891
134146842
134202218
134222607
134268819
134308577
134314757
134341231
134386727
134446242
134476212
134525261
134550077
134556351
134610389
134622159
134626080
134647706
134757059
134799983
134820783
134827149
134832528
134868217
134902190
134910197
134950242
134953622
135007276
135024023
135025327
135049749
135053775
135084299
135120356
135120804
135159933
135166986
135206006
135210765
135243303
135247303
135247560
135307118
135324403
135326777
135329624
135342345
135467852
135486073
135491332
135491515
135498735
135529665
135533373
135561458
135619970
135632852
135648750
135653184
135790270
135799071
135815464
135864039
135865010
135909887
135931507
135932324
135964834
135983337
136026044
136064076
136085632
136109348
136203384
136206159
136248264
136302231
136325164
136340405
136344109
136354542
136356707
136425806
136426617
136465834
136471921
136507865
136509423
136521428
136545757
136624266
136634550
136647215
136673267
136695248
136745828
136775857
136792747
136797417
136803402
136842776
136931559
137003403
137116692
137137060
137182768
137191365
137236324
137266001
137271587
137353655
137366594
137373316
137380132
137398590
137411570
137417411
137419112
137467781
137563021
137593739
137636375
137657986
137737281
137747343
137750055
137752199
137768194
137773877
137849854
137851968
137868688
137898834
137941844
138009736
138014719
138039845
138084946
138087464
138089882
138113765
138199163
138295476
138341371
138370971
138493920
138519105
138520858
138527535
138534453
138638764
138646179
138670095
138675081
138685237
138729362
138783638
138833008
138864154
138884120
138893750
138903725
138994660
138995207
139016190
139031358
139045569
139105316
139161691
139184777
139195790
139220146
139257512
139299567
139302184
139315062
139338776
139349848
139386393
139432768
139454743
139459656
139489585
139495067
139499732
139514786
139556534
139619793
139643547
139678747
139701394
139706758
139749371
139767463
139767576
139816553
139825625
139886194
139898663
139924243
139949978
139976062
139976370
139977992
140039214
140100597
140147783
140257517
140332152
140390449
140419208
140423383
140451364
140457263
140478528
140482736
140486932
140531131
140550097
140555092
140564663
140598331
140680943
140684606
140755598
140789973
140810817
140846592
140864286
140864523
140867184
140902526
140940706
140949937
140983322
141038707
141078586
141083924
141149818
141161378
141196776
141224372
141236278
141242111
141265413
141285777
141302012
141316636
141318328
141334145
141345270
141365522
141428059
141486606
141500814
141501548
141516621
141586615
141595703
141603501
141661119
141701338
141709010
141715179
141726462
141772570
141829541
141835779
141874079
141889086
141958175
141967217
142010953
142021207
142109576
142161886
142197845
142206479
142212650
142216096
142232666
142238146
142261476
142273566
142330746
142337784
142345781
142366561
142367769
142381266
142383555
142385477
142400826
142403910
142421284
142423172
142445545
142447445
142487982
142518170
142527071
142532184
142612862
142617255
142656488
142665065
142670944
142679728
142686009
142697936
142703025
142776266
142808811
142846291
142849091
142969594
143056168
143084833
143124423
143148868
143159572
143209284
143221898
143266505
143296833
143329509
143387735
143457006
143458393
143471575
143579132
143635514
143691623
143722764
143725115
143737702
143751244
143758449
143836553
143865022
143869144
143899042
143902400
143913035
143977468
143984716
144010917
144053743
144096837
144155263
144192242
144223979
144226394
144235662
144251742
144275752
144303658
144313528
144329423
144344928
144379489
144386321
144392045
144397699
144469917
144487007
144551192
144571037
144624493
144647472
144672525
144682309
144707197
144708538
144714569
144724911
144760570
144764806
144772931
144777934
144787102
144800987
144935780
144973417
144975197
145010486
145032009
145054901
145103924
145134390
145311095
145317569
145319445
145320574
145385253
145389208
145399893
145497077
145570839
145596128
145616753
145629173
145638795
145645255
145707510
145709859
145721356
145728180
145759427
145808989
145820577
145873590
145875954
145959881
146074736
146111780
146136429
146188410
146191804
146215420
146253330
146264736
146267064
146272968
146312947
146382071
146407650
146416400
146442762
146446994
146561114
146571484
146574292
146591394
146600027
146627417
146644953
146681022
146732841
146745937
146774390
146796297
146826007
146867337
146922820
146927380
146975511
146980251
146999652
147094881
147111666
147140907
147147282
147213528
147293239
147298466
147299442
147374074
147399847
147423574
147432276
147455904
147457634
147470580
147505956
147523606
147531196
147569090
147569846
147614309
147632704
147771370
147788400
147799997
147802367
147832573
147836041
147860957
147893226
147920162
147921067
147975449
147980935
147989360
148076450
148090717
148097800
148101195
148181261
148187047
148208338
148240837
148252561
148319108
148345792
148364160
148395196
148457734
148468298
148507268
148519254
148583683
148592265
148630445
148696886
148701661
148717106
148788968
148803924
148823619
148832623
148836641
148838698
148854564
148979523
149007372
149011613
149027331
149052167
149061772
149072107
149074952
149191667
149222753
149277610
149284427
149297529
149303918
149312989
149369763
149480663
149497112
149507576
149510473
149543620
149562073
149607159
149607640
149618204
149644751
149646168
149652277
149663402
149668028
149683455
149719669
149740475
149741364
149742598
149746197
149749918
149767919
149771182
149775360
149849778
149881584
149979764
149993999
150003599
150020262
150026034
150028534
150035455
150061712
150063386
150099943
150116632
150119949
150141505
150188896
150191101
150265844
150285615
150307244
150307821
150326965
150361599
150395617
150398792
150502258
150533917
150536410
150548107
150579272
150627342
150675591
150700308
150709895
150736865
150807022
150808888
150841180
150851924
150889674
150902895
150907905
150944111
150965205
151012395
151030936
151038687
151139941
151189219
151196979
151210645
151213984
151220463
151245459
151319493
151348835
151351302
151360596
151363150
151365809
151402916
151455399
151479274
151543142
151554720
151560778
151576110
151634580
151688337
151736918
151742950
151746401
151853501
151860572
151866668
151895836
151910684
151948778
151961063
151982508
152021039
152050851
152092099
152114694
152115226
152208214
152209895
152218376
152221218
152299000
152325599
152336699
152345138
152397136
152429661
152450461
152475065
152483542
152515135
152516945
152562684
152565179
152587859
152589916
152602560
152611295
152684278
152698485
152706612
152710235
152729854
152748075
152757907
152778637
152784510
152799889
152820660
152851898
152897759
152899815
152952649
153077967
153097459
153098967
153201474
153215255
153236945
153258199
153273476
153277071
153290151
153327590
153352446
153405758
153419818
153425968
153433305
153577799
153586633
153589216
153603287
153686998
153730196
153791656
153816143
153904126
153915424
153923915
153963349
153964627
153977309
154009739
154047388
154058608
154066757
154071490
154117951
154136345
154157752
154158770
154186588
154197260
154208347
154226428
154253958
154268721
154292509
154297777
154354871
154362895
154384183
154402164
154444444
154455021
154528185
154550037
154553467
154558953
154567599
154654316
154673083
154814656
154827460
154837229
154842695
154842809
154850881
154851439
154863632
154874027
154880855
154885554
154963609
155011021
155080777
155126920
155130081
155202687
155249076
155262498
155280270
155329861
155349894
155368298
155392812
155416683
155419186
155431481
155443372
155509866
155536397
155558519
155589750
155635224
155647871
155651498
155653742
155735964
155750308
155795127
155845689
155881095
155901862
155971248
155982130
156008056
156030204
156039834
156053084
156120431
156126173
156227109
156239987
156266838
156333856
156336810
156365179
156374216
156379906
156455752
156475159
156477198
156480371
156512801
156615511
156625081
156638062
156645160
156664954
156705031
156717643
156792902
156821269
156839756
156843963
156844025
156851109
156889160
156909399
156912704
156919205
156921525
156929700
156989351
156993265
157026804
157039668
157045398
157070059
157078035
157097785
157104768
157139400
157152439
157193285
157206429
157253278
157253535
157261806
157263154
157279146
157288606
157302563
157323620
157328450
157353764
157369049
157398454
157447707
157460211
157500703
157514071
157604222
157648542
157652012
157677389
157732976
157740222
157753143
157755924
157836410
157877431
157882213
157922437
157931486
157979940
157992139
158014048
158019647
158028541
158034615
158093953
158116488
158164970
158236601
158249418
158251542
158285239
158369114
158450021
158521237
158562846
158593351
158619254
158635113
158645791
158673404
158673899
158687583
158687729
158702216
158719256
158726720
158737585
158748777
158765329
158775501
158807039
158831995
158837400
158881869
158884384
158975691
158998012
159023384
159085740
159099647
159110046
159122023
159151960
159152694
159158830
159186437
159212329
159228260
159250886
159258543
159262400
159277843
159313691
159317099
159326154
159342855
159379533
159409740
159428864
159498785
159500093
159536616
159539612
159542635
159548939
159550131
159552529
159556359
159574173
159588293
159588588
159598662
159601483
159649617
159657797
159690654
159725373
159778836
159797251
159828112
159840953
159899100
159905724
159923491
159932652
159989150
159992619
160011022
160018404
160029716
160037039
160040124
160067000
160082351
160101722
160129686
160176799
160195539
160200815
160249958
160266996
160269770
160274634
160284763
160293559
160309914
160348415
160362712
160366069
160378618
160418388
160442108
160442745
160451787
160507872
160519814
160522617
160543495
160544355
160604363
160615105
160641126
160650924
160691931
160723040
160787521
160806782
160884663
160951194
160961570
160965452
160975201
160983264
160995833
161080372
161119657
161131806
161133303
161134433
161134617
161167788
161188113
161230519
161283671
161312745
161321964
161377520
161398136
161421711
161427769
161433238
161446455
161479115
161483443
161486718
161522820
161567321
161601044
161607230
161638487
161645118
161646074
161654646
161724057
161799600
161886160
161891209
161904764
161935582
161974678
161990252
161998084
162006526
162074107
162076142
162084520
162085217
162118350
162142144
162158990
162168007
162168909
162189665
162230923
162246147
162268097
162313462
162313582
162314380
162325974
162339079
162354795
162373270
162373985
162390465
162397174
162426944
162449940
162487059
162527994
162558917
162611768
162619072
162636353
162679131
162721392
162744976
162804198
162881618
162929997
163027557
163077697
163092379
163151263
163173455
163272887
163283402
163306574
163336361
163359950
163381151
163381297
163421269
163424536
163463933
163542149
163552874
163565292
163601003
163603577
163618246
163622208
163625578
163626749
163660745
163671646
163707932
163713282
163745528
163767659
163782655
163807665
163820937
163845258
163877987
163895502
163909382
163936112
163967898
163997746
164035210
164047895
164056258
164057159
164110310
164114365
164115438
164131021
164142646
164156536
164157429
164164193
164171796
164188675
164223190
164232396
164248123
164250581
164275178
164410814
164422628
164424802
164435052
164449013
164454503
164456944
164458037
164462774
164502740
164542511
164580417
164582108
164588013
164634618
164639931
164660746
164718101
164763419
164769349
164811495
164971589
164997712
165001761
165118452
165181501
165186274
165216257
165216861
165221032
165282304
165302098
165312501
165370655
165375111
165383320
165449586
165467029
165531929
165568677
165642802
165681657
165681894
165766089
165777467
165861891
165890668
165898737
165941593
165977671
165983662
166008903
166015941
166040408
166058177
166071628
166079470
166137130
166199482
166229177
166274616
166296697
166304438
166324397
166349953
166512250
166565451
166577366
166590447
166611564
166633425
166646986
166652881
166666256
166669547
166681115
166718774
166770589
166807520
166818466
166847268
166868305
166910882
166989061
166995554
167000945
167012025
167013031
167073028
167078011
167084812
167120001
167140367
167165063
167202476
167210692
167301559
167331135
167346677
167348380
167406132
167412693
167460598
167482050
167521239
167524823
167605922
167671709
167687073
167701765
167721798
167729777
167751375
167786384
167794737
167796491
167799126
167801577
167815649
167831406
167838807
167844724
167865619
167866592
167866697
167918467
167923842
167961919
168132600
168233513
168259681
168263652
168279288
168294824
168301596
168334290
168366807
168366944
168382140
168384100
168394262
168438100
168459115
168465773
168474572
168491900
168544784
168577911
168594076
168601035
168625376
168668968
168708857
168723728
168746348
168848067
168893292
168942808
168960051
169026175
169028073
169028763
169035936
169050259
169094025
169097545
169106079
169139845
169147312
169153951
169161897
169195166
169212889
169242930
169262980
169296381
169353006
169388136
169440355
169453118
169456235
169468897
169494145
169508525
169514099
169528069
169567559
169623130
169631249
169636721
169644930
169659147
169760485
169784993
169803747
169809408
169817005
169829623
169867683
169903995
169921810
169935231
169944342
169952337
169973890
169982484
170034913
170043995
170179764
170242848
170257960
170262244
170268913
170305882
170324970
170361917
170399790
170446369
170463309
170470694
170544612
170548639
170568266
170577623
170598709
170638395
170659551
170674243
170686032
170699260
170707216
170711772
170723301
170795285
170887093
170891754
170912949
170925168
170944109
170948483
170953833
170957510
171052107
171068405
171093473
171114322
171115783
171145835
171163201
171171331
171181802
171220348
171238077
171307339
171308013
171322383
171340670
171344606
171360458
171371696
171472575
171490107
171535736
171682874
171688013
171696466
171697417
171710740
171716534
171723116
171770102
171803269
171824166
171837308
171867360
171916174
171948374
171978766
171997614
172025456
172039296
172065032
172091046
172152967
172191113
172214791
172232291
172284107
172347962
172354906
172367205
172379578
172382484
172424609
172451880
172457899
172465680
172470936
172473822
172494170
172524545
172554210
172567766
172575894
172625040
172634493
172657219
172665557
172680270
172681992
172696471
172733258
172820116
172946068
172947123
172966335
173012270
173088318
173093895
173100704
173117570
173165999
173193013
173248591
173266357
173296621
173301375
173324681
173426835
173449082
173463566
173497454
173534211
173545913
173628670
173657711
173680136
173752417
173770858
173775272
173775742
173789058
173825867
173851392
173861415
173866533
173877156
173883158
173950463
173989429
174008108
174011962
174024950
174029344
174067749
174068840
174102674
174104775
174137326
174153596
174183180
174183437
174192958
174226011
174308969
174325955
174334196
174336463
174412328
174413893
174421378
174605160
174620252
174621892
174632722
174641717
174648388
174662205
174687687
174693864
174713991
174760974
174810634
174824696
174848329
174883419
174891563
174915634
174944468
175005610
175007807
175020016
175021338
175021473
175023191
175029343
175052188
175091722
175115538
175181755
175220653
175236047
175239145
175244685
175253878
175303564
175304298
175305771
175311391
175314588
175320388
175321843
175339088
175343383
175358477
175367305
175379059
175385187
175399395
175405473
175450180
175512431
175521241
175609609
175713134
175722123
175728332
175757544
175814340
175839963
175847613
175886889
175891463
175894986
175962997
175971583
175975475
176030737
176043060
176066966
176070769
176098701
176116949
176239406
176251106
176255186
176255713
176261375
176273009
176281532
176354764
176364650
176371320
176376087
176376545
176396588
176399072
176422507
176425313
176430664
176432734
176453060
176481774
176484325
176521633
176534865
176567890
176576996
176601324
176646115
176700472
176701948
176751708
176779722
176786646
176804217
176816583
176846391
176853253
176869024
176873433
176875019
176887988
177027173
177055821
177070715
177144911
177152531
177179716
177207868
177239728
177296797
177301250
177331908
177353867
177376162
177401385
177430696
177449662
177458349
177481491
177565481
177576800
177577723
177660010
177671633
177686648
177690189
177725159
177727217
177749109
177765120
177765512
177808996
177809900
177812498
177814271
177948597
177976593
177986873
178009138
178011994
178030303
178037909
178056144
178107611
178108843
178131442
178181497
178198986
178203737
178220421
178223893
178227843
178248495
178253968
178274369
178291854
178307158
178308620
178321869
178331181
178337111
178343391
178465103
178466296
178487163
178506480
178506925
178621618
178709281
178744316
178788419
178792066
178861932
178862393
178865056
178876760
178880754
178924401
178924895
178934549
178971759
178972589
178987898
178988082
179027869
179044689
179064712
179066318
179092265
179095686
179126940
179136032
179219901
179349815
179390031
179406931
179440244
179495957
179535619
179562894
179654823
179739870
179774851
179783509
179794858
179799909
179819282
179829818
179972926
179980465
180014364
180020139
180025597
180109235
180124536
180168307
180195156
180204979
180256454
180277519
180277818
180407056
180414291
180418205
180480881
180502106
180518360
180520371
180524146
180524523
180528087
180530021
180534671
180615651
180618257
180636107
180659030
180660071
180660883
180698499
180709786
180736170
180750614
180771869
180780748
180808740
180820703
180826043
180826319
180838476
180851720
180884007
180923669
180931707
180970390
181051350
181066022
181090622
181096602
181107776
181112703
181141941
181176991
181191015
181192682
181206231
181222212
181295771
181320862
181321865
181331541
181335016
181341722
181354651
181442499
181484322
181488117
181506402
181517409
181549840
181588236
181589746
181609568
181655193
181669617
181708508
181717187
181768839
181796067
181832154
181874504
181875919
181885588
181890569
181893618
181974566
181975568
181976841
181987626
182025197
182041472
182059798
182064946
182071841
182133566
182230819
182256413
182266505
182347509
182368212
182401550
182406816
182429209
182439216
182456645
182568199
182623611
182657883
182660221
182671075
182685720
182848955
182865917
182895608
182942508
182947443
182956200
182970457
183029500
183076628
183089030
183110775
183120207
183128087
183181568
183244475
183311210
183336077
183338176
183383549
183393439
183454941
183460357
183492396
183501620
183507053
183556014
183576114
183578228
183605411
183615003
183655340
183695548
183720768
183745782
183835139
183856389
183873754
183950764
183979508
183995183
184008431
184029421
184038285
184040659
184057238
184066136
184136542
184254604
184255849
184278648
184286106
184290830
184328802
184371143
184413388
184416699
184459419
184516432
184519667
184527961
184547044
184657570
184680441
184683481
184703110
184733595
184894873
184915715
184960467
184968605
185048357
185082838
185091982
185099046
185109888
185137184
185169725
185172946
185179470
185216775
185240348
185253332
185284125
185399018
185430725
185433180
185461544
185475393
185512399
185512683
185547065
185552777
185605862
185617351
185626398
185642455
185650380
185652307
185655042
185720284
185723744
185781228
185783542
185839314
185861187
185861319
185862266
185878274
185910050
185972887
185986279
186092248
186126230
186130438
186136563
186150001
186162085
186208960
186209054
186286506
186310853
186334593
186351195
186364966
186365360
186390091
186487452
186495162
186514059
186527668
186531339
186556406
186592732
186603547
186606047
186633465
186640922
186783394
186807014
186813579
186921865
186989143
187025957
187039566
187051805
187057865
187086696
187117587
187157321
187191873
187213541
187278567
187280714
187287667
187306540
187369026
187377619
187408803
187413885
187426218
187428025
187443713
187489056
187490069
187492728
187524097
187548564
187610061
187685740
187696962
187793908
187799410
187818545
187853130
187855885
187875351
187878790
187905661
187912927
187914762
187925968
187928987
187931046
187948267
187969242
187994892
188020608
188077597
188088875
188123460
188160187
188177624
188188573
188209965
188214723
188236753
188244649
188363602
188374249
188387046
188387667
188388528
188450080
188455428
188521686
188545617
188547516
188587352
188614667
188644727
188672753
188731537
188737526
188748423
188765528
188803744
188809633
188820168
188829035
188840186
188855166
188878058
188899201
188922232
189034941
189048354
189066484
189079348
189084981
189091705
189105680
189155214
189170889
189192001
189198179
189209836
189247994
189256694
189331004
189383330
189406277
189453974
189488747
189500422
189527311
189528553
189557707
189564004
189572203
189630254
189671235
189680587
189686529
189696913
189730340
189736344
189797536
189800857
189825354
189872062
189944948
189989308
189997023
190049152
190083262
190093301
190108076
190176442
190206144
190225968
190315273
190316176
190359467
190367683
190376258
190403978
190417972
190425471
190468385
190492055
190510651
190529617
190598400
190775062
190777940
190830840
190898491
190906769
190908148
190928898
191053500
191054075
191058258
191091878
191093926
191109758
191146388
191210336
191242982
191273309
191274515
191293540
191331768
191372563
191382804
191384584
191448725
191488323
191492297
191520464
191551663
191572430
191622339
191679595
191690104
191715881
191728276
191812788
191826186
191828234
191858401
191916470
191943407
191950746
191962046
191988640
192003891
192032025
192035141
192057298
192117890
192153086
192155094
192181661
192199733
192222460
192249477
192256136
192271330
192276327
192287337
192299407
192325872
192343226
192350731
192352147
192389241
192405883
192406240
192411258
192413143
192424593
192443948
192456311
192496157
192501455
192514761
192525029
192528145
192546371
192580454
192595070
192618399
192698015
192710470
192752468
192755780
192815997
192869780
192890137
192892170
192908739
192926624
192966985
193001152
193033232
193056438
193127936
193135338
193147903
193187179
193249169
193281991
193288759
193332571
193335243
193340638
193354254
193357599
193385590
193390353
193402593
193409149
193414906
193424892
193452051
193520513
193526823
193527775
193550182
193605220
193624007
193650954
193656167
193663389
193678522
193685043
193715473
193721084
193730486
193736674
193768498
193777932
193778359
193788308
193833253
193838788
193894766
193897281
193941118
193977241
194042099
194081968
194121481
194125630
194248545
194279788
194288333
194288773
194298153
194306126
194310385
194329458
194371273
194463873
194468569
194488750
194495421
194496140
194502944
194533929
194559425
194570808
194694930
194785104
194800728
194815442
194917776
194944895
194971777
195014119
195015809
195032342
195039049
195047432
195047738
195062855
195110348
195118780
195149953
195172736
195184959
195202889
195207637
195245101
195252566
195253087
195268354
195379958
195430632
195452110
195457446
195464368
195489109
195514204
195528074
195542892
195561092
195562143
195562457
195595218
195607806
195650073
195662139
195668730
195713688
195733114
195746269
195747533
195799693
195814808
195895940
195926443
195951732
195965368
195966541
195968092
195990110
195996505
196014537
196018139
196032414
196079373
196092744
196096126
196115141
196134738
196166279
196167244
196179655
196233674
196236525
196267292
196282900
196446046
196448967
196449729
196482023
196498547
196551143
196597087
196619010
196636000
196646142
196654338
196664563
196714743
196739109
196765790
196790674
196806505
196814888
196820079
196826358
196869350
196881241
196894654
196985982
196989494
197003179
197095388
197108881
197159686
197167617
197191103
197232698
197313454
197326652
197350487
197384864
197387317
197388045
197390361
197421102
197468833
197469631
197479474
197498050
197508266
197511451
197514943
197571106
197615893
197660041
197694058
197703392
197728096
197761205
197788280
197799919
197902199
197938352
197951925
197977064
197980882
198027638
198073632
198150711
198154392
198191186
198250043
198323154
198338221
198348588
198401835
198422740
198425024
198570914
198576082
198582941
198628400
198633333
198677257
198680669
198705620
198828329
198857852
198864421
198867516
198883941
198906566
198934424
198973143
199015641
199017572
199023873
199116371
199116856
199153237
199170368
199192919
199247450
199257291
199259173
199278743
199317229
199336400
199352958
199357341
199372595
199398135
199413821
199417983
199446597
199468899
199575658
199654977
199688527
199715043
199722687
199750451
199790835
199801553
199916872
199925005
199940961
199961939
200033873
200061546
200108289
200114203
200169171
200186214
200252700
200276424
200294707
200306198
200313700
200317817
200339065
200373047
200400125
200517900
200521929
200540184
200548631
200557840
200578161
200615747
200621538
200626827
200650921
200726915
200739852
200801012
200813819
200827447
200932329
200935393
200954636
200986706
201019925
201022960
201023697
201030784
201183075
201253414
201257460
201271480
201287229
201327211
201350330
201360141
201375781
201392360
201442243
201489270
201507582
201513361
201529605
201556109
201557893
201575049
201611665
201669753
201678902
201683538
201738129
201760436
201790038
201796438
201797731
201941526
201956852
201972446
202001384
202003298
202009318
202015536
202016179
202022999
202043033
202044834
202048919
202091415
202126456
202127192
202181055
202264207
202287749
202322269
202362807
202403356
202406123
202423535
202429610
202430939
202436696
202456943
202457358
202468029
202485132
202496910
202557395
202560760
202567139
202640053
202679890
202697378
202753349
202762284
202788231
202873867
202908498
202914021
203013720
203013850
203023553
203072764
203114475
203117807
203133575
203189962
203214072
203218267
203229782
203252036
203267310
203275975
203302610
203343796
203390318
203397792
203401502
203432089
203468911
203482327
203494294
203546797
203556900
203569738
203576951
203626052
203626338
203629222
203642154
203656762
203660896
203676499
203709910
203760583
203880721
203930343
203963685
203997160
204017574
204027957
204039069
204153595
204155061
204197377
204201188
204214565
204232281
204237061
204295249
204300570
204312160
204352383
204389975
204420834
204432939
204436386
204451621
204454430
204497052
204556562
204589861
204608461
204619685
204648635
204668065
204678187
204697979
204726766
204744860
204782485
204815393
204850672
204871918
204887945
204897024
204899756
204964704
205062191
205216223
205242549
205262211
205278041
205281890
205288330
205328099
205348964
205390092
205419160
205420288
205482470
205514861
205530188
205559127
205573459
205585920
205605972
205617393
205632382
205652279
205662427
205702411
205711922
205718898
205753318
205837648
205840967
205855535
205874526
205990504
205996264
206011592
206063490
206177489
206230748
206256058
206278275
206281993
206331049
206358401
206392916
206417139
206419157
206465355
206501391
206515438
206520603
206534272
206545704
206556055
206582365
206593119
206612996
206658750
206659511
206672362
206675685
206680671
206699254
206732102
206763436
206767316
206784343
206798441
206833736
206864839
206887133
206904414
206930058
206949503
206953215
207045507
207072033
207237289
207264585
207322585
207326874
207344510
207351047
207358907
207363558
207366077
207375937
207412228
207416343
207498136
207565748
207585624
207614799
207659276
207674289
207733674
207742009
207750465
207759598
207836179
207862167
207893039
207944781
207950009
207952168
207962737
207987398
208013306
208014416
208024871
208032786
208048858
208048900
208082584
208085277
208087291
208098975
208171881
208208076
208246745
208247842
208249489
208253220
208263423
208315901
208361637
208372338
208381735
208411071
208432131
208462699
208475815
208487982
208509799
208605060
208609908
208761327
208769888
208864776
208883638
208884248
208930818
209054864
209094045
209149874
209151553
209202222
209233523
209235059
209249547
209268954
209305307
209310736
209324695
209331712
209336739
209371446
209378120
209382061
209393591
209407516
209428228
209434164
209525539
209547428
209588037
209654040
209727449
209747482
209755324
209759029
209794936
209834660
209894874
209895291
209937921
209957517
210004294
210088707
210094998
210114604
210146925
210184162
210230417
210235902
210253986
210335529
210336306
210346190
210361599
210373145
210373337
210430758
210485867
210499129
210508289
210527628
210548903
210559729
210561978
210573605
210575192
210576794
210632913
210696078
210705074
210738320
210755152
210756316
210803408
210813142
210823072
210827997
210858186
210867904
210887215
210903396
210919230
210962959
210983626
210992257
211069822
211079900
211086701
211107388
211122720
211152655
211195462
211264210
211290318
211364393
211388569
211409115
211442536
211466344
211490088
211521320
211539409
211541598
211577690
211615880
211637427
211655980
211664785
211666406
211696016
211703731
211727623
211756292
211757321
211781718
211822918
211826223
211841876
211916117
211916516
211927575
211941245
211968282
212026096
212040261
212094860
212096087
212141898
212174082
212208654
212269472
212285550
212381035
212425780
212427164
212454009
212583624
212593864
212613930
212642947
212666036
212669953
212679186
212766979
212768548
212780787
212792070
212800853
212820341
212869186
212873034
212882741
212884244
212891580
212907956
212933617
212995273
213104132
213160013
213169735
213173068
213276847
213301440
213313755
213353105
213374489
213385989
213406192
213413792
213414244
213438785
213460987
213466112
213484427
213544835
213563849
213570916
213591830
213592656
213615623
213625974
213631593
213633250
213653069
213679448
213707725
213714336
213731733
213779332
213791474
213813486
213817901
213825554
213869141
213877925
213887993
213900688
213917783
213928545
213981779
214016647
214063127
214070641
214071299
214076938
214104681
214109384
214270066
214336303
214449768
214502268
214529863
214530079
214541974
214690728
214691739
214695283
214732576
214740062
214779673
214780910
214828887
214845842
214863545
214919054
214956609
214975057
214998493
215042152
215119906
215145300
215164276
215281702
215288975
215305873
215337998
215347386
215367079
215392539
215393355
215400265
215444416
215494521
215509283
215575272
215588150
215715676
215767374
215775957
215783312
215792197
215876320
215886213
215916463
215940188
215995778
216002469
216024045
216028995
216041057
216086413
216113366
216117993
216128574
216187021
216191799
216194770
216230753
216298508
216301070
216314287
216335919
216357695
216360746
216432099
216489222
216496405
216556951
216599451
216606795
216671718
216682483
216696528
216697171
216729758
216740085
216765781
216777551
216787374
216817027
216843445
216847165
216887914
216948691
217065579
217076137
217079297
217163368
217196655
217200664
217219894
217226983
217248322
217382573
217391234
217432144
217473053
217484525
217498111
217556228
217569669
217584162
217589144
217592333
217615874
217622176
217666163
217675997
217688776
217710882
217713032
217724996
217725863
217808619
217813756
217825236
217891999
217896646
217904285
217914513
217964394
218028029
218072950
218073228
218099608
218182788
218185184
218195144
218208744
218213557
218236333
218237100
218251729
218272319
218284344
218340874
218403608
218430584
218509046
218515172
218586594
218592339
218593038
218594616
218601767
218637892
218649607
218657075
218676615
218699669
218731412
218755561
218767480
218786962
218814576
218823920
218852879
218857860
218884239
218892366
218930406
218969717
219031690
219067769
219085990
219120366
219240849
219248708
219287803
219324046
219365262
219468560
219474197
219574927
219631269
219698672
219702484
219713779
219747358
219749246
219765392
219768069
219792413
219816238
219838174
219874243
219911782
219951035
219984731
220135123
220135324
220136606
220150127
220212774
220264080
220269621
220300353
220386548
220430569
220460794
220521242
220556154
220557190
220574746
220601308
220603158
220714725
220727974
220754018
220789397
220797194
220829028
220849993
220940993
220967970
220978751
220991939
221010034
221011615
221017434
221022563
221044209
221051623
221150073
221188972
221210186
221261895
221291470
221336669
221412111
221415077
221419653
221466465
221559297
221575072
221581356
221584794
221588218
221594394
221629562
221651245
221704920
221706248
221729516
221744375
221771000
221786392
221797777
221816588
221849821
221850819
221861129
221869641
221914293
221926360
221932092
221939057
221950643
221959135
221974822
221988421
222002181
222023188
222045437
222079195
222210829
222288819
222343090
222366926
222525331
222557457
222595903
222612779
222672036
222724736
222746263
222866401
222892003
222895360
222943576
222961269
222988095
222990980
223011261
223051414
223054261
223085066
223092077
223092462
223105813
223107128
223127903
223142397
223153403
223159799
223225940
223305341
223322420
223387767
223415364
223424383
223432258
223440134
223445316
223457090
223472700
223513841
223539264
223614084
223699270
223761687
223784060
223800938
223803318
223804633
223840043
223862421
223884202
223892811
223964348
223990640
224017048
224018932
224062429
224100724
224242244
224257264
224263681
224275607
224322457
224350191
224355269
224359608
224373262
224386862
224389334
224408010
224475946
224486233
224525337
224621880
224632735
224633081
224643704
224696182
224706848
224724599
224752600
224761303
224774911
224846901
224849730
224860927
224875277
224875554
224921162
224937159
224963680
224985442
224986644
224991537
224996279
224997812
225048807
225061120
225073991
225101051
225146853
225181069
225244150
225259976
225306866
225354972
225357115
225382119
225408765
225511398
225530555
225544798
225557199
225557301
225595521
225639073
225643294
225645559
225648268
225708056
225714790
225717803
225728479
225802110
225802250
225806518
225862541
225895619
225906410
225916147
225928237
225995956
226101941
226147458
226169483
226169767
226177142
226186158
226188769
226192438
226200011
226227519
226230809
226237931
226249100
226266146
226335710
226341509
226385161
226396508
226397962
226409073
226444553
226509184
226510944
226521274
226566608
226570652
226584562
226713922
226717308
226815048
226834151
226892193
226898494
226913139
226943470
226955981
226961982
226994807
227030532
227065946
227083762
227085896
227179391
227186769
227211304
227218733
227221553
227246950
227268329
227333660
227336186
227350794
227367191
227375634
227416034
227423433
227465917
227484418
227500600
227526860
227587611
227609078
227622733
227699251
227702404
227789007
227806048
227828411
227899372
227899442
227909392
227916438
227925198
227943313
228028874
228055412
228056248
228073779
228091442
228161974
228183640
228191787
228208108
228243200
228262153
228276012
228276320
228302133
228374253
228379384
228379517
228390185
228424377
228452761
228466595
228477868
228489688
228521664
228541953
228556573
228559556
228570592
228571551
228580252
228604427
228629049
228674376
228736148
228736728
228757241
228785676
228805107
228817047
228831366
228838217
228840915
228848140
228861650
228868365
228905954
228926281
228929050
228972244
228989580
228993137
229011689
229013127
229059136
229118598
229172852
229212418
229214866
229299975
229315941
229326649
229353221
229432917
229441682
229486115
229498937
229504335
229519869
229520565
229520689
229521629
229527114
229644683
229704978
229705349
229709913
229724398
229734242
229775505
229803399
229804744
229808856
229813509
229818647
229847819
229857264
229889497
229921475
229924185
229966292
229989041
230048863
230115519
230219234
230226929
230259012
230317006
230353374
230366834
230392510
230402068
230418865
230423068
230471221
230471541
230537561
230580540
230590718
230617598
230697241
230786533
230839930
230843509
230872398
230908699
230922716
230992106
231039805
231052311
231097634
231113607
231145254
231156840
231177222
231192962
231195914
231226158
231232745
231275383
231311377
231396660
231411639
231428432
231590691
231612321
231617396
231705579
231881723
231931296
231960631
231968218
231996971
231998581
232087533
232102436
232117732
232128033
232142514
232173029
232192566
232196388
232198863
232219032
232294906
232305491
232315314
232320954
232338017
232359412
232361682
232369159
232387148
232395300
232404996
232436241
232437694
232459560
232479972
232491314
232500614
232501670
232538422
232548909
232554201
232598194
232622061
232631019
232632493
232657581
232783008
232785804
232795600
232808576
232820124
232838672
232850773
232907456
232933968
232941444
232995668
233000959
233032450
233039210
233050551
233070976
233077626
233080593
233081433
233084644
233136952
233146807
233190739
233224263
233225633
233226508
233241287
233244885
233253379
233289245
233298428
233332791
233357704
233373816
233390355
233426325
233439763
233462025
233462409
233507470
233530741
233531692
233564817
233637665
233679852
233697008
233712000
233771833
233772942
233810016
233815748
233845011
233853635
233859452
233870741
233889120
233923979
233938535
233994042
234036970
234044651
234053358
234114031
234118951
234168683
234199257
234217636
234257375
234293731
234308797
234350491
234450351
234560114
234578623
234601769
234628185
234654927
234656721
234683579
234708973
234748915
234815998
234866931
234882163
234885208
234907135
234933936
234941919
234943459
235026000
235026256
235039466
235105883
235134193
235150019
235152277
235155621
235201414
235203712
235255120
235280688
235295053
235317719
235321115
235399821
235417251
235459000
235465345
235531739
235537361
235542903
235563571
235600657
235612274
235655266
235663771
235675004
235694896
235696000
235722323
235729747
235766316
235789177
235824701
235868552
235880186
235884615
235979456
236056682
236066648
236092136
236104959
236224422
236248882
236252155
236270986
236275061
236283641
236303407
236304243
236336816
236435755
236452247
236518580
236519523
236560644
236602570
236609113
236625666
236640804
236685448
236723958
236727621
236753252
236796918
236799702
236815164
236850398
236853732
236873257
236885922
236892263
236940312
236959814
236967438
237020089
237031904
237070089
237076275
237091268
237117998
237120255
237185734
237188687
237235266
237276679
237333519
237347330
237357680
237365301
237381280
237458041
237462184
237465938
237574398
237576355
237687766
237790402
237837009
237878714
237892870
237899093
237903536
237926349
237955286
238000842
238042129
238085940
238177933
238212235
238253090
238339408
238342912
238371729
238397662
238437689
238466837
238496816
238526172
238556517
238579853
238584555
238598725
238610622
238632298
238801726
238804997
238809277
238849933
238861993
238863268
238927929
238946808
238953399
239087630
239130844
239156869
239157572
239203603
239297855
239327170
239333740
239351638
239357384
239452975
239479356
239485262
239501287
239506573
239537867
239546587
239556946
239569680
239619364
239619378
239676368
239698765
239709155
239728174
239772174
239774391
239854142
239864944
239865922
239895522
239901730
239914336
239918364
239919111
239935005
239975797
240003359
240018024
240103382
240162835
240163859
240208236
240213705
240220140
240220956
240253877
240297102
240486887
240583799
240604590
240606724
240617718
240636457
240746405
240807248
240849464
240860622
240875737
240899979
240914590
240917430
240924598
240942422
240961839
240978750
240981293
241029149
241032503
241033429
241103567
241105164
241116489
241145010
241164523
241173096
241191597
241212704
241224897
241270483
241290135
241303589
241319504
241342610
241420571
241448048
241458843
241473516
241591464
241615161
241675801
241688722
241704118
241720577
241742080
241759712
241764643
241807385
241854084
241880069
241898614
241900529
241916871
241952189
242000655
242079094
242085080
242087516
242104249
242124457
242133324
242144884
242176056
242190011
242196683
242201519
242225071
242245652
242261715
242283123
242312801
242322791
242323588
242339574
242378588
242409250
242421157
242488201
242515888
242516643
242596912
242628181
242633310
242655559
242670444
242673466
242680561
242771739
242773306
242801879
242847305
242850674
242858700
242871368
242871689
242885089
242943672
242967019
242982762
243036897
243046065
243061156
243134948
243149002
243188790
243240438
243282239
243362920
243375861
243387954
243391000
243421201
243438413
243443713
243443876
243461362
243468217
243479953
243511371
243558576
243663695
243674493
243687354
243788977
243798293
243853039
243866539
243924366
243926985
243936188
243988139
244010760
244024487
244033701
244055327
244070468
244085948
244092838
244117235
244127277
244155266
244262910
244276148
244287338
244293682
244333825
244333922
244345398
244353557
244356169
244397389
244410751
244423587
244447489
244486481
244491319
244575013
244584190
244654064
244683582
244732955
244784976
244856141
244882357
244888695
244922364
244974937
244993543
245001833
245053175
245140524
245155406
245186654
245215211
245242631
245294457
245335358
245341093
245357975
245366268
245370048
245446574
245463333
245468068
245477841
245526520
245619132
245658915
245695806
245703864
245712222
245722065
245798272
245801670
245832889
245851109
245866561
245868088
245875666
245943718
245947924
245950765
245981815
245984817
245993952
246024593
246039091
246042594
246052554
246106622
246113373
246129695
246174486
246177633
246188531
246282099
246303013
246309651
246340050
246363251
246429152
246469444
246485621
246490529
246494268
246500359
246503829
246512258
246530493
246542498
246631505
246649292
246709811
246710057
246721770
246752820
246754529
246787820
246830734
246850553
246863389
246865614
246916511
246978621
246992874
247009081
247031197
247041653
247059194
247068990
247070320
247109809
247150360
247151475
247203734
247307872
247315568
247351584
247395403
247406751
247432302
247446814
247463118
247474449
247494258
247505599
247509255
247535053
247553006
247568272
247570510
247583613
247605373
247631488
247635720
247698432
247703859
247710270
247745949
247764525
247766900
247793950
247815580
247894622
247920444
248008704
248028678
248053839
248095313
248101769
248150418
248157737
248167924
248169354
248182132
248188289
248193987
248199170
248228079
248231046
248275355
248300108
248330748
248340009
248358729
248361002
248441455
248446481
248474103
248521456
248524105
248560644
248565928
248586654
248598576
248615002
248622407
248641895
248700317
248706254
248709569
248728356
248752166
248772291
248791488
248819761
248826836
248838350
248846058
248875516
248899788
248940164
248956891
248960754
248962932
248987346
248987810
249011268
249068372
249071814
249103956
249197558
249207851
249245764
249288240
249296547
249324772
249380912
249423490
249451162
249481125
249485900
249495272
249513395
249516286
249537257
249552268
249554868
249581344
249592310
249629665
249630460
249638464
249649316
249658805
249757068
249792374
249812755
249824956
249826249
249851182
249938785
249964640
249997824
250087815
250121895
250156000
250165745
250215191
250256620
250279054
250286665
250316010
250350315
250353865
250397919
250418500
250426736
250445031
250449457
250465703
250511116
250579818
250582494
250584819
250592260
250619687
250630527
250643738
250688944
250702619
250727707
250743925
250750438
250828988
250845188
250896016
250995356
251005085
251031613
251043566
251054393
251093939
251102932
251108779
251131963
251154004
251163630
251195949
251354756
251364544
251405550
251417870
251497188
251597844
251605196
251612191
251632129
251641308
251659081
251659820
251663413
251679112
251721907
251722363
251771954
251799080
251803158
251809234
251812048
251817609
251830330
251947688
252088388
252089279
252095598
252108923
252113746
252127318
252154247
252160583
252182894
252189995
252236618
252243614
252271537
252279757
252280591
252330474
252343504
252376671
252386626
252419507
252420339
252467519
252495285
252503414
252586185
252605736
252612649
252625351
252638581
252641265
252675650
252700765
252741497
252743953
252762574
252770096
252770353
252776667
252789650
252799989
252849643
252875768
252883878
252912411
252922447
252925234
252928896
252950018
252971096
252998252
253025212
253026731
253080811
253128227
253136587
253148063
253158986
253162872
253179422
253214868
253315007
253315156
253327404
253377074
253378125
253382718
253384488
253392915
253405843
253418989
253500810
253504095
253517472
253526507
253530980
253537877
253576872
253590668
253622285
253660897
253687840
253692066
253742477
253742715
253764474
253822291
253839998
253891839
253904073
253923525
254026228
254118011
254121214
254125569
254133345
254159989
254219746
254347406
254348522
254360754
254414573
254414905
254436308
254464935
254496229
254533641
254537472
254543496
254559499
254607376
254619169
254623234
254626631
254627052
254629754
254655361
254698923
254718963
254743497
254745316
254749633
254789480
254835105
254852117
254859849
254909810
254918943
254921743
254934783
254937082
254957203
255006145
255011657
255036557
255056269
255063698
255081939
255121110
255123512
255128242
255140129
255148457
255201813
255213156
255274518
255297474
255332928
255353388
255367937
255386286
255410277
255419968
255458048
255504339
255558594
255573976
255603654
255605523
255672653
255696222
255715912
255720265
255766067
255819500
255829861
255837487
255913508
255938835
256007274
256038943
256039137
256048718
256081591
256104601
256105152
256108198
256116155
256140089
256150135
256152991
256187869
256194864
256220653
256238039
256241559
256288134
256293763
256323902
256332003
256362034
256379922
256405093
256463946
256471622
256508283
256533386
256578570
256588070
256594520
256621087
256676771
256706553
256784727
256794321
256854467
256855421
256875237
256889030
256917596
256918024
256934621
256937182
256954970
256955939
257000551
257017827
257040291
257048544
257091469
257095628
257117932
257131010
257171523
257181397
257185348
257187333
257203902
257244950
257279880
257353082
257364773
257367426
257458443
257488805
257494137
257530248
257548189
257670690
257693115
257710819
257716691
257802319
257806946
257808619
257920049
257938335
257972541
257978516
257996872
258019796
258027003
258056842
258072896
258074412
258097717
258100636
258131354
258187754
258229953
258235204
258270864
258287936
258324121
258345663
258364272
258365748
258370770
258410030
258502464
258516668
258516750
258538021
258545675
258564595
258652124
258683720
258765351
258773568
258802753
258829085
258841796
258856150
258901646
258939918
258950709
258954536
258999411
259009665
259021006
259152626
259190389
259199752
259201141
259214853
259224702
259280032
259289548
259352525
259357783
259422440
259425023
259458208
259464247
259467629
259523823
259648752
259654913
259733454
259871912
259887076
259959229
259972611
260045443
260049298
260120735
260153409
260154806
260165417
260202754
260203486
260226965
260276429
260307563
260307816
260328412
260353267
260371394
260374297
260394645
260411904
260411954
260455124
260466989
260503354
260510341
260582712
260615497
260691755
260697080
260746913
260748584
260764674
260797628
260815826
260831657
260869762
260883515
260895850
260921953
260922930
261025950
261072331
261096774
261112946
261184639
261227515
261253940
261261355
261269343
261333313
261336718
261411147
261415395
261472834
261515594
261539463
261579135
261591904
261593815
261597028
261604751
261640832
261656187
261672947
261730297
261735789
261834671
261855592
261904645
261909700
261940602
261950124
261957299
261964396
262005560
262024792
262089137
262104991
262106468
262137448
262142756
262165419
262166973
262202554
262242334
262261725
262300515
262361461
262379067
262393295
262422386
262423434
262439528
262449161
262461249
262471770
262486308
262550906
262561635
262636919
262670968
262701574
262712822
262714089
262747764
262763540
262770796
262771568
262822942
262924395
263054369
263181875
263183988
263213392
263220055
263233009
263279983
263305250
263309180
263328276
263357288
263514818
263515139
263541510
263543038
263577211
263593101
263609287
263612812
263614901
263631664
263665058
263696835
263711841
263774024
263819486
263842908
263903694
263913038
263921528
263921680
263983612
263990836
264012241
264012613
264026867
264027140
264034469
264036845
264072642
264104764
264132800
264162988
264170339
264195870
264220424
264227186
264239955
264310360
264316151
264362259
264440017
264464936
264468781
264474672
264555235
264570803
264574915
264613784
264617769
264629490
264638630
264670272
264687143
264688644
264693782
264697284
264710484
264725340
264727941
264742601
264770351
264820258
264824562
264847560
264855791
264891829
264924532
264925180
264969550
264988690
264992906
265038467
265064285
265066024
265075060
265077339
265135744
265164422
265175077
265281791
265353939
265384948
265397867
265412900
265417079
265422126
265470435
265545037
265585312
265589159
265616988
265623334
265661607
265719086
265732362
265782626
265787702
265790704
265794323
265838964
265888081
265913563
265932718
265987538
266004533
266022843
266055774
266072938
266110751
266127360
266194424
266206532
266223114
266246567
266273236
266292190
266360879
266412183
266478945
266485795
266548587
266590325
266616238
266654437
266691175
266732455
266734373
266744264
266822477
266848723
266939865
266947597
266967741
266994355
267103984
267218247
267227454
267243664
267256695
267260716
267332510
267371952
267374610
267379615
267387310
267398813
267463104
267520067
267540203
267555559
267667495
267687185
267697058
267705403
267723249
267751894
267761105
267772231
267778104
267839082
267839107
267841325
267846035
267929572
267955932
267961223
267998340
268012956
268051942
268118086
268126736
268129627
268165748
268185695
268191108
268220223
268230112
268270138
268273746
268294734
268316679
268373025
268403599
